10	1.0288
1.0840	550	506	586	592	591	524	502	519	588	531	548	577	530	576	547	555	514	578	396	333	306	389
1.2903	286	205	257	208	273	212	235	214	263	281	237	228	223	278	287	282	220	230	242	274	2	364	373	318	399	346
65	254	262	232	270	255	246	222	224	201	269	249	283	267	245	233	260	200	213	217	394	351	337	379
1.1358	115	135	236	272	252	264	238	253	359	387
0.3811	145	139	186	147	181	182	109	166	167	168	154	136	148	106	129	193	195	143	368	369	358	354
0.6771	179	163	140	162	104	117	133	192	172	169	126	102	176	180	120	132	151	110	190	125	185	197	116	164	118	189	134	157	146	144	178	196	113	128	187	198	103	391	392	327	371	367	330	304	323	398
0.5603	528	520	567	527	501	518	513	521	590	596	539	507	529	565	589	580	566	338	324	326	357
1.0073	244	226	290	218	296	279	211	271	276	229	275	298	280	248	250	299	209	542	375	348	335	317
1.1986	234	227	259	284	285	247	240	256	294	239	277	202	535	552	370	376	334
1.0617	512	573	537	509	595	598	571	568	560	526	544	504	554	559	572	511	503	546	549	599	584	538	540	541	561	593	583	533	556	570	523	515	553	575	516	558	543	386	332	365	320	382	388	316	353	312
0.6206	175	138	111	127	177	100	121	161	124	141	199	101	105	142	123	160	194	122	315	331	377	397

